{
 "cells": [
  {
   "cell_type": "code",
   "execution_count": 2,
   "metadata": {},
   "outputs": [],
   "source": [
    "import tensorflow as tf\n",
    "import numpy as np\n",
    "import importlib \n",
    "import preprocessing\n",
    "importlib.reload(preprocessing)\n",
    "from preprocessing import *\n",
    "import warnings\n",
    "warnings.filterwarnings('ignore')"
   ]
  },
  {
   "cell_type": "code",
   "execution_count": 13,
   "metadata": {},
   "outputs": [],
   "source": [
    "X, y = import_data()\n",
    "X_train,X_test,y_train,y_test = train_test_total(X, y)"
   ]
  },
  {
   "cell_type": "code",
   "execution_count": 2,
   "metadata": {
    "collapsed": true
   },
   "outputs": [],
   "source": [
    "def rnn_model(features, labels, mode, params):\n",
    "  \n",
    "  num_hidden_layers = len(params['hidden_layers'])  \n",
    "  \n",
    "  input_layer = features[\"x\"]    \n",
    "  cell1 = tf.nn.rnn_cell.LSTMCell(name = 'cell1', num_units = params['hidden_layers'][0])\n",
    "  outputs, state = tf.nn.dynamic_rnn(cell=cell1,\n",
    "                                   inputs=input_layer,\n",
    "                                   dtype=tf.float64)\n",
    "  outputs = tf.nn.relu(outputs)      \n",
    "  outputs = tf.layers.dropout(inputs=outputs, rate=0.5, training=(mode==tf.estimator.ModeKeys.TRAIN))\n",
    "  \n",
    "  for i in range(num_hidden_layers-1):  \n",
    "      cell = tf.nn.rnn_cell.LSTMCell(name = 'cell'+str(i+2),num_units = params['hidden_layers'][i+1])\n",
    "      outputs, state = tf.nn.dynamic_rnn(cell=cell,\n",
    "                                       inputs=outputs,\n",
    "                                       dtype=tf.float64)\n",
    "      outputs = tf.nn.relu(outputs)\n",
    "  \n",
    "  #FLatten the output of LSTM layers\n",
    "  outputs = tf.contrib.layers.flatten(outputs) \n",
    "\n",
    "  # FC Layer\n",
    "  logits = tf.layers.dense(inputs=outputs, units=params['num_classes'])\n",
    "\n",
    "  predictions = {\n",
    "      # Generate predictions (for PREDICT and EVAL mode)\n",
    "      \"classes\": tf.argmax(input=logits, axis=1),\n",
    "      # Add `softmax_tensor` to the graph. It is used for PREDICT and by the\n",
    "      # `logging_hook`.\n",
    "      \"probabilities\": tf.nn.softmax(logits, name=\"softmax_tensor\")\n",
    "  }\n",
    "\n",
    "  if mode == tf.estimator.ModeKeys.PREDICT:\n",
    "    return tf.estimator.EstimatorSpec(mode=mode, predictions=predictions)\n",
    "\n",
    "  # Calculate Loss (for both TRAIN and EVAL modes)\n",
    "  loss = tf.losses.sparse_softmax_cross_entropy(labels=labels, logits=logits)\n",
    "  tf.summary.scalar('loss', loss)\n",
    "      \n",
    "\n",
    "  # Configure the Training Op (for TRAIN mode)\n",
    "  if mode == tf.estimator.ModeKeys.TRAIN:\n",
    "    optimizer = tf.train.AdamOptimizer(learning_rate=params['learning_rate'])\n",
    "    train_op = optimizer.minimize(\n",
    "        loss=loss,\n",
    "        global_step=tf.train.get_global_step())\n",
    "    return tf.estimator.EstimatorSpec(mode=mode, loss=loss, train_op=train_op)\n",
    "\n",
    "  # Add evaluation metrics (for EVAL mode)\n",
    "  eval_metric_ops = {\n",
    "      \"accuracy\": tf.metrics.accuracy(\n",
    "          labels=labels, predictions=predictions[\"classes\"])}\n",
    "  return tf.estimator.EstimatorSpec(\n",
    "      mode=mode, loss=loss, eval_metric_ops=eval_metric_ops)\n",
    "\n",
    "  merged = tf.summary.merge_all()\n",
    "  train_writer = tf.summary.FileWriter(FLAGS.summaries_dir + '/train',\n",
    "                                      sess.graph)\n",
    "  test_writer = tf.summary.FileWriter(FLAGS.summaries_dir + '/test')\n",
    "  "
   ]
  },
  {
   "cell_type": "code",
   "execution_count": 19,
   "metadata": {
    "scrolled": false
   },
   "outputs": [
    {
     "name": "stdout",
     "output_type": "stream",
     "text": [
      "INFO:tensorflow:Using default config.\n",
      "INFO:tensorflow:Using config: {'_keep_checkpoint_max': 5, '_model_dir': '/model/', '_num_ps_replicas': 0, '_save_checkpoints_secs': 600, '_keep_checkpoint_every_n_hours': 10000, '_num_worker_replicas': 1, '_task_id': 0, '_log_step_count_steps': 100, '_evaluation_master': '', '_tf_random_seed': None, '_cluster_spec': <tensorflow.python.training.server_lib.ClusterSpec object at 0x000001D302FFF2B0>, '_master': '', '_is_chief': True, '_save_summary_steps': 100, '_global_id_in_cluster': 0, '_session_config': None, '_save_checkpoints_steps': None, '_task_type': 'worker', '_service': None}\n",
      "INFO:tensorflow:Calling model_fn.\n",
      "INFO:tensorflow:Done calling model_fn.\n",
      "INFO:tensorflow:Create CheckpointSaverHook.\n",
      "INFO:tensorflow:Graph was finalized.\n",
      "INFO:tensorflow:Restoring parameters from /model/model.ckpt-10\n",
      "INFO:tensorflow:Running local_init_op.\n",
      "INFO:tensorflow:Done running local_init_op.\n",
      "INFO:tensorflow:Saving checkpoints for 11 into /model/model.ckpt.\n",
      "INFO:tensorflow:probabilities = [[0.23496982 0.18127521 0.19695826 0.38679672]\n",
      " [0.23260912 0.21344275 0.21717516 0.33677297]\n",
      " [0.23942654 0.2162183  0.21467662 0.32967855]\n",
      " [0.25283596 0.21724442 0.21044687 0.31947275]\n",
      " [0.23016541 0.22586515 0.20787075 0.3360987 ]\n",
      " [0.22708029 0.20031304 0.19616868 0.37643799]\n",
      " [0.22581978 0.20365476 0.17407859 0.39644687]\n",
      " [0.22407957 0.22196101 0.2103241  0.34363532]\n",
      " [0.22660459 0.22794282 0.19038241 0.35507018]\n",
      " [0.23170075 0.19916242 0.18412878 0.38500804]\n",
      " [0.22480551 0.20635587 0.19240188 0.37643674]\n",
      " [0.24314058 0.18723516 0.16170463 0.40791963]\n",
      " [0.24941918 0.23250751 0.19010865 0.32796466]\n",
      " [0.23105459 0.22408819 0.2095981  0.33525912]\n",
      " [0.2479983  0.19794645 0.1938691  0.36018616]\n",
      " [0.23532105 0.20040267 0.19031407 0.3739622 ]\n",
      " [0.23181072 0.1966347  0.2112174  0.36033718]\n",
      " [0.22517802 0.22283033 0.22031488 0.33167677]\n",
      " [0.24765936 0.20690992 0.19453745 0.35089328]\n",
      " [0.2388656  0.21089727 0.20863863 0.34159851]\n",
      " [0.24072449 0.21113994 0.2002318  0.34790377]\n",
      " [0.20356171 0.21620694 0.1668638  0.41336755]\n",
      " [0.24907318 0.1825909  0.17863244 0.38970348]\n",
      " [0.22692316 0.22732582 0.19636103 0.34938998]\n",
      " [0.24639274 0.23435274 0.19880309 0.32045143]\n",
      " [0.25319524 0.22560502 0.1927068  0.32849294]\n",
      " [0.22131453 0.2035283  0.21211005 0.36304712]\n",
      " [0.23511787 0.18387701 0.23071354 0.35029157]\n",
      " [0.21183845 0.20094769 0.20110359 0.38611026]\n",
      " [0.2285368  0.20980555 0.20142739 0.36023026]\n",
      " [0.24207138 0.23509906 0.18640865 0.33642091]\n",
      " [0.23924724 0.20821447 0.22023195 0.33230634]\n",
      " [0.230707   0.20128654 0.19745068 0.37055578]\n",
      " [0.2334284  0.19542659 0.18267258 0.38847243]\n",
      " [0.22865583 0.20300257 0.21466397 0.35367763]\n",
      " [0.23086888 0.20920892 0.21133628 0.34858592]\n",
      " [0.22636925 0.21575038 0.19667904 0.36120133]\n",
      " [0.26939276 0.19698843 0.17919254 0.35442626]\n",
      " [0.24159182 0.2117157  0.18210408 0.36458839]\n",
      " [0.23360068 0.2147507  0.17991054 0.37173808]\n",
      " [0.24206942 0.21625202 0.1899918  0.35168676]\n",
      " [0.23085994 0.18003959 0.17835903 0.41074144]\n",
      " [0.2078778  0.23062444 0.20002477 0.36147299]\n",
      " [0.23823863 0.17222738 0.18153804 0.40799595]\n",
      " [0.22720554 0.19879917 0.21859976 0.35539554]\n",
      " [0.22970718 0.22437673 0.21647615 0.32943994]\n",
      " [0.25835908 0.19504209 0.19886036 0.34773847]\n",
      " [0.23956695 0.21843101 0.22832485 0.31367718]\n",
      " [0.2320631  0.19903401 0.20318707 0.36571583]\n",
      " [0.23966975 0.20289013 0.18277437 0.37466575]\n",
      " [0.22045857 0.20268965 0.19876482 0.37808697]\n",
      " [0.24135219 0.19618611 0.18031234 0.38214937]\n",
      " [0.24213383 0.2100382  0.20290798 0.34491998]\n",
      " [0.21857241 0.22625031 0.1827465  0.37243079]\n",
      " [0.22674125 0.22066684 0.21366134 0.33893057]\n",
      " [0.22961943 0.18957253 0.19724622 0.38356182]\n",
      " [0.25877832 0.20935242 0.2056343  0.32623496]\n",
      " [0.23597057 0.20430046 0.19887465 0.36085432]\n",
      " [0.24675624 0.19866034 0.1909071  0.36367631]\n",
      " [0.25341721 0.18895177 0.19593871 0.36169231]\n",
      " [0.25898457 0.22685134 0.19027038 0.32389371]\n",
      " [0.22044914 0.24082005 0.22947046 0.30926034]\n",
      " [0.24598357 0.21637641 0.18713422 0.3505058 ]\n",
      " [0.24424821 0.19453146 0.19215132 0.36906901]]\n",
      "INFO:tensorflow:step = 11, loss = 1.3679044246673584\n",
      "INFO:tensorflow:probabilities = [[0.21684191 0.54832289 0.08027896 0.15455624]\n",
      " [0.26684954 0.47048324 0.22718299 0.03548422]\n",
      " [0.34266099 0.40662606 0.18558334 0.0651296 ]\n",
      " [0.39813765 0.30437344 0.07261295 0.22487596]\n",
      " [0.3968169  0.35059329 0.0573534  0.1952364 ]\n",
      " [0.43373342 0.30338033 0.05325482 0.20963143]\n",
      " [0.36410921 0.4557798  0.04765066 0.13246034]\n",
      " [0.17210296 0.23441921 0.10494463 0.4885332 ]\n",
      " [0.43732962 0.35673446 0.14087904 0.06505687]\n",
      " [0.22284352 0.37558648 0.31528725 0.08628276]\n",
      " [0.15670462 0.15665822 0.6672623  0.01937486]\n",
      " [0.30665613 0.35007319 0.05539544 0.28787524]\n",
      " [0.29636697 0.17431058 0.46640765 0.0629148 ]\n",
      " [0.12618594 0.28695644 0.11690873 0.4699489 ]\n",
      " [0.31218604 0.25288564 0.38398737 0.05094095]\n",
      " [0.08970718 0.37621222 0.29738517 0.23669544]\n",
      " [0.24375261 0.2856161  0.378265   0.09236629]\n",
      " [0.23746681 0.4749515  0.10662462 0.18095707]\n",
      " [0.33095463 0.23150208 0.17774567 0.25979761]\n",
      " [0.32524462 0.44671863 0.14916805 0.07886869]\n",
      " [0.24283268 0.14415923 0.52460538 0.08840271]\n",
      " [0.24605709 0.15340604 0.35694653 0.24359035]\n",
      " [0.13181748 0.32988037 0.11679344 0.42150871]\n",
      " [0.21311717 0.30822196 0.37909523 0.09956564]\n",
      " [0.28722555 0.35135824 0.23604398 0.12537223]\n",
      " [0.69701591 0.13564724 0.0951119  0.07222496]\n",
      " [0.57975347 0.09506512 0.22421322 0.10096819]\n",
      " [0.20588631 0.31853444 0.16543978 0.31013947]\n",
      " [0.33268972 0.33177887 0.26750911 0.0680223 ]\n",
      " [0.09235333 0.13720431 0.03563083 0.73481153]\n",
      " [0.35202895 0.33772612 0.04818511 0.26205983]\n",
      " [0.23857717 0.35609854 0.34702256 0.05830172]\n",
      " [0.19647981 0.24185679 0.51548208 0.04618132]\n",
      " [0.28937663 0.12258325 0.22691631 0.36112381]\n",
      " [0.24017718 0.26573409 0.21769682 0.27639191]\n",
      " [0.3082307  0.47293317 0.18941933 0.0294168 ]\n",
      " [0.13473505 0.168839   0.66985071 0.02657524]\n",
      " [0.26216346 0.23709727 0.38614773 0.11459155]\n",
      " [0.21771484 0.28132649 0.32496465 0.17599401]\n",
      " [0.54797295 0.1988295  0.14197141 0.11122614]\n",
      " [0.252401   0.1749164  0.31813234 0.25455026]\n",
      " [0.13939122 0.03802445 0.80543777 0.01714656]\n",
      " [0.06805529 0.81710543 0.01696877 0.09787051]\n",
      " [0.21997292 0.38705803 0.23616839 0.15680066]\n",
      " [0.23344324 0.19127454 0.12918517 0.44609704]\n",
      " [0.13655627 0.4408029  0.36829511 0.05434571]\n",
      " [0.17487546 0.16482541 0.51055456 0.14974457]\n",
      " [0.12369709 0.48579283 0.23210563 0.15840445]\n",
      " [0.40003823 0.17531523 0.27305769 0.15158885]\n",
      " [0.26775639 0.34913454 0.16214176 0.2209673 ]\n",
      " [0.21898809 0.12936954 0.31344907 0.3381933 ]\n",
      " [0.07998629 0.18939683 0.07916836 0.65144852]\n",
      " [0.2624237  0.37048509 0.32438827 0.04270294]\n",
      " [0.22623    0.37743822 0.10239056 0.29394122]\n",
      " [0.12364252 0.38165733 0.15197191 0.34272825]\n",
      " [0.21880772 0.50687868 0.14395629 0.13035731]\n",
      " [0.28119985 0.30412124 0.22417035 0.19050856]\n",
      " [0.4246102  0.23653921 0.17172486 0.16712572]\n",
      " [0.22005914 0.26575525 0.26939666 0.24478895]\n",
      " [0.245816   0.43318076 0.23854698 0.08245626]\n",
      " [0.22975487 0.55336382 0.19292544 0.02395588]\n",
      " [0.30257208 0.19301988 0.15497009 0.34943795]\n",
      " [0.05120657 0.5134887  0.22034764 0.21495709]\n",
      " [0.13273275 0.73102159 0.09636342 0.03988224]] (106.267 sec)\n",
      "INFO:tensorflow:Saving checkpoints for 110 into /model/model.ckpt.\n",
      "INFO:tensorflow:Loss for final step: 0.9800518751144409.\n",
      "INFO:tensorflow:Calling model_fn.\n",
      "INFO:tensorflow:Done calling model_fn.\n",
      "INFO:tensorflow:Starting evaluation at 2018-03-15-22:51:45\n",
      "INFO:tensorflow:Graph was finalized.\n",
      "INFO:tensorflow:Restoring parameters from /model/model.ckpt-110\n",
      "INFO:tensorflow:Running local_init_op.\n",
      "INFO:tensorflow:Done running local_init_op.\n",
      "INFO:tensorflow:Finished evaluation at 2018-03-15-22:51:46\n",
      "INFO:tensorflow:Saving dict for global step 110: accuracy = 0.48, global_step = 110, loss = 1.1409817\n",
      "{'global_step': 110, 'accuracy': 0.48, 'loss': 1.1409817}\n"
     ]
    }
   ],
   "source": [
    "eeg_classifier = tf.estimator.Estimator(model_fn=rnn_model, model_dir=\"/model/\", \n",
    "                                        params = {'hidden_layers' : [32, 32], 'num_classes' : 4, 'learning_rate' : 0.001})\n",
    "tensors_to_log = {\"probabilities\": \"softmax_tensor\"}\n",
    "logging_hook = tf.train.LoggingTensorHook(\n",
    "  tensors=tensors_to_log, every_n_iter=50)\n",
    "train_input_fn = tf.estimator.inputs.numpy_input_fn(\n",
    "    x={\"x\": X_train},\n",
    "    y=y_train,\n",
    "    batch_size=64,\n",
    "    num_epochs=20,\n",
    "    shuffle=True)\n",
    "\n",
    "eeg_classifier.train(\n",
    "    input_fn=train_input_fn,\n",
    "    steps=100,\n",
    "    hooks=[logging_hook])\n",
    "\n",
    "eval_input_fn = tf.estimator.inputs.numpy_input_fn(\n",
    "    x={\"x\": X_test},\n",
    "    y=y_test,\n",
    "    num_epochs=1,\n",
    "    shuffle=False)\n",
    "eval_results = eeg_classifier.evaluate(input_fn=eval_input_fn)\n",
    "print(eval_results)"
   ]
  },
  {
   "cell_type": "code",
   "execution_count": 36,
   "metadata": {},
   "outputs": [
    {
     "name": "stdout",
     "output_type": "stream",
     "text": [
      "INFO:tensorflow:Using default config.\n",
      "INFO:tensorflow:Using config: {'_keep_checkpoint_max': 5, '_model_dir': '/model/', '_num_ps_replicas': 0, '_save_checkpoints_secs': 600, '_keep_checkpoint_every_n_hours': 10000, '_num_worker_replicas': 1, '_task_id': 0, '_log_step_count_steps': 100, '_evaluation_master': '', '_tf_random_seed': None, '_cluster_spec': <tensorflow.python.training.server_lib.ClusterSpec object at 0x000001D3359F0E80>, '_master': '', '_is_chief': True, '_save_summary_steps': 100, '_global_id_in_cluster': 0, '_session_config': None, '_save_checkpoints_steps': None, '_task_type': 'worker', '_service': None}\n",
      "INFO:tensorflow:Calling model_fn.\n",
      "INFO:tensorflow:Done calling model_fn.\n",
      "INFO:tensorflow:Create CheckpointSaverHook.\n",
      "INFO:tensorflow:Graph was finalized.\n",
      "INFO:tensorflow:Running local_init_op.\n",
      "INFO:tensorflow:Done running local_init_op.\n",
      "INFO:tensorflow:Saving checkpoints for 1 into /model/model.ckpt.\n",
      "INFO:tensorflow:probabilities = [[0.25427197 0.25029955 0.24535519 0.25007329]\n",
      " [0.24450684 0.25743948 0.25050938 0.24754429]\n",
      " [0.25184508 0.24621634 0.25152565 0.25041294]\n",
      " [0.25195728 0.24699147 0.25019416 0.2508571 ]\n",
      " [0.24920388 0.23771858 0.25638492 0.25669262]\n",
      " [0.25063788 0.24323203 0.25803483 0.24809526]\n",
      " [0.24884449 0.24889873 0.24972161 0.25253516]\n",
      " [0.25092895 0.25169143 0.25160946 0.24577015]\n",
      " [0.25308053 0.24668719 0.25011113 0.25012115]\n",
      " [0.25924856 0.241087   0.25248284 0.2471816 ]\n",
      " [0.24519432 0.24840097 0.25499878 0.25140593]\n",
      " [0.25640342 0.24930159 0.24738342 0.24691158]\n",
      " [0.25161813 0.24931682 0.24839389 0.25067117]\n",
      " [0.25526243 0.24589268 0.25398266 0.24486224]\n",
      " [0.25066827 0.24927829 0.2494712  0.25058223]\n",
      " [0.2506533  0.24274462 0.25092032 0.25568176]\n",
      " [0.2577967  0.24631681 0.24993569 0.2459508 ]\n",
      " [0.24683907 0.25091548 0.25180853 0.25043691]\n",
      " [0.25498891 0.24792208 0.24724171 0.24984731]\n",
      " [0.24679618 0.24399282 0.26056428 0.24864671]\n",
      " [0.25119737 0.25261902 0.2466193  0.24956432]\n",
      " [0.25315557 0.24309292 0.24938136 0.25437015]\n",
      " [0.25138544 0.24851181 0.25448677 0.24561597]\n",
      " [0.24900206 0.25391505 0.25002846 0.24705443]\n",
      " [0.25085493 0.24777162 0.25007706 0.2512964 ]\n",
      " [0.24241721 0.24696627 0.25578406 0.25483246]\n",
      " [0.24955317 0.24306725 0.25235777 0.25502181]\n",
      " [0.24490628 0.2526427  0.25647106 0.24597997]\n",
      " [0.25276738 0.24806164 0.25243646 0.24673451]\n",
      " [0.25458124 0.24832067 0.25065825 0.24643984]\n",
      " [0.25390714 0.24066785 0.25175546 0.25366956]\n",
      " [0.25200959 0.249938   0.25050774 0.24754468]\n",
      " [0.25451486 0.24136704 0.25106939 0.25304871]\n",
      " [0.25997419 0.24540306 0.24670935 0.2479134 ]\n",
      " [0.25381012 0.24880963 0.24503907 0.25234118]\n",
      " [0.24147393 0.25435489 0.25559106 0.24858012]\n",
      " [0.25626141 0.25016206 0.24450301 0.24907352]\n",
      " [0.2467393  0.25253677 0.25316546 0.24755847]\n",
      " [0.25110932 0.24791877 0.25622319 0.24474873]\n",
      " [0.24803567 0.25394949 0.24914792 0.24886692]\n",
      " [0.24846245 0.25141683 0.25358528 0.24653544]\n",
      " [0.24800079 0.24579504 0.25588577 0.25031839]\n",
      " [0.25231886 0.24640149 0.24858605 0.2526936 ]\n",
      " [0.25347163 0.25077617 0.24053626 0.25521595]\n",
      " [0.24396427 0.24671773 0.24899324 0.26032476]\n",
      " [0.25147363 0.24773758 0.24961063 0.25117816]\n",
      " [0.24217749 0.24876212 0.25233087 0.25672952]\n",
      " [0.2493089  0.24530614 0.25275021 0.25263475]\n",
      " [0.24346609 0.24816455 0.25074035 0.25762901]\n",
      " [0.25287616 0.24329448 0.24473299 0.25909637]\n",
      " [0.24507823 0.25877483 0.24934308 0.24680386]\n",
      " [0.256252   0.24048971 0.25502499 0.2482333 ]\n",
      " [0.25126941 0.24069952 0.24965512 0.25837594]\n",
      " [0.24968368 0.25137973 0.25585474 0.24308185]\n",
      " [0.25040221 0.24885479 0.2526988  0.24804421]\n",
      " [0.24840184 0.24594392 0.25286879 0.25278546]\n",
      " [0.25644336 0.24010689 0.24716722 0.25628253]\n",
      " [0.24452897 0.24018541 0.25901034 0.25627528]\n",
      " [0.25349198 0.24380996 0.26181323 0.24088482]\n",
      " [0.24870929 0.25077655 0.24852065 0.2519935 ]\n",
      " [0.25548978 0.24513969 0.25158969 0.24778084]\n",
      " [0.25116881 0.25100801 0.25056374 0.24725943]\n",
      " [0.25024437 0.25151978 0.24436351 0.25387234]\n",
      " [0.24712646 0.24606381 0.25434451 0.25246522]\n",
      " [0.2551232  0.24361603 0.25090522 0.25035555]\n",
      " [0.25838874 0.24193273 0.24508412 0.25459441]\n",
      " [0.24499955 0.25792393 0.24191911 0.2551574 ]\n",
      " [0.25083363 0.24263293 0.24703093 0.2595025 ]\n",
      " [0.2494224  0.25283204 0.24473689 0.25300867]\n",
      " [0.25331753 0.24927156 0.24602946 0.25138145]\n",
      " [0.25218269 0.24137662 0.25552301 0.25091769]\n",
      " [0.24891862 0.24727682 0.25087273 0.25293183]\n",
      " [0.25246039 0.24340182 0.24518236 0.25895543]\n",
      " [0.25536906 0.24858313 0.25182414 0.24422367]\n",
      " [0.25280094 0.24359475 0.24740448 0.25619984]\n",
      " [0.25115015 0.25196698 0.24628135 0.25060153]\n",
      " [0.25253882 0.24841508 0.24964784 0.24939826]\n",
      " [0.25347081 0.24663475 0.24992254 0.2499719 ]\n",
      " [0.2535107  0.25473426 0.24706066 0.24469438]\n",
      " [0.25409202 0.24444982 0.24780958 0.25364858]\n",
      " [0.25008605 0.24837644 0.24762385 0.25391365]\n",
      " [0.25896194 0.24578292 0.24301    0.25224514]\n",
      " [0.24307422 0.25402934 0.25496416 0.24793228]\n",
      " [0.248886   0.24989748 0.24600576 0.25521075]\n",
      " [0.25655299 0.24364123 0.24131106 0.25849472]\n",
      " [0.25238854 0.25081584 0.25431262 0.24248301]\n",
      " [0.25286674 0.25004946 0.24887622 0.24820757]\n",
      " [0.24214519 0.25093438 0.25733287 0.24958755]\n",
      " [0.24861764 0.24598469 0.25105185 0.25434582]\n",
      " [0.24957393 0.24820099 0.25230896 0.24991612]\n",
      " [0.24329621 0.24671363 0.25990691 0.25008326]\n",
      " [0.24414173 0.25534398 0.25017463 0.25033966]\n",
      " [0.24569121 0.25117782 0.24939182 0.25373915]\n",
      " [0.25660881 0.24612925 0.24508835 0.25217358]\n",
      " [0.24463942 0.2497893  0.25397588 0.2515954 ]\n",
      " [0.24191377 0.24501913 0.26013975 0.25292736]\n",
      " [0.25063599 0.24391463 0.25561608 0.24983331]\n",
      " [0.24333303 0.2498312  0.25999822 0.24683755]\n",
      " [0.24896401 0.24504825 0.25305538 0.25293237]\n",
      " [0.2509588  0.24661739 0.24805291 0.2543709 ]]\n",
      "INFO:tensorflow:step = 1, loss = 1.388210654258728\n",
      "INFO:tensorflow:probabilities = [[0.32404647 0.28522705 0.25255207 0.13817441]\n",
      " [0.24795159 0.18116167 0.54934417 0.02154256]\n",
      " [0.38273166 0.28546572 0.16812661 0.16367601]\n",
      " [0.24191444 0.39394533 0.34744954 0.01669069]\n",
      " [0.44134902 0.24728362 0.09070647 0.2206609 ]\n",
      " [0.30367171 0.30642955 0.10297644 0.2869223 ]\n",
      " [0.46785924 0.31631878 0.16422313 0.05159886]\n",
      " [0.52510873 0.19541281 0.23098023 0.04849824]\n",
      " [0.31519901 0.17395805 0.16419633 0.34664661]\n",
      " [0.28522675 0.21255093 0.47496825 0.02725407]\n",
      " [0.29478346 0.32915422 0.18135043 0.19471189]\n",
      " [0.30498984 0.22445594 0.43752761 0.03302661]\n",
      " [0.36536284 0.17575964 0.21596674 0.24291077]\n",
      " [0.45769052 0.32683368 0.2069337  0.0085421 ]\n",
      " [0.32531531 0.48291864 0.1336217  0.05814435]\n",
      " [0.35674787 0.1315274  0.48042338 0.03130136]\n",
      " [0.48017555 0.16757861 0.32917641 0.02306943]\n",
      " [0.13400803 0.10006249 0.75269033 0.01323916]\n",
      " [0.50394374 0.18740137 0.11159118 0.19706371]\n",
      " [0.48694932 0.33389557 0.10738826 0.07176685]\n",
      " [0.29318489 0.34804935 0.22983918 0.12892658]\n",
      " [0.45228305 0.14814652 0.34783773 0.0517327 ]\n",
      " [0.3691566  0.34864009 0.2022353  0.07996801]\n",
      " [0.20269969 0.10628629 0.6363775  0.05463652]\n",
      " [0.39221443 0.2656987  0.27002392 0.07206295]\n",
      " [0.26962462 0.12114709 0.03848172 0.57074656]\n",
      " [0.53490298 0.17640406 0.10220071 0.18649226]\n",
      " [0.47273096 0.23174116 0.08723272 0.20829515]\n",
      " [0.32243471 0.21937671 0.3736473  0.08454129]\n",
      " [0.45092703 0.2825966  0.16514615 0.10133021]\n",
      " [0.41565342 0.42869345 0.05233593 0.1033172 ]\n",
      " [0.22584248 0.5693209  0.13726873 0.06756788]\n",
      " [0.41406266 0.31630777 0.06154587 0.20808371]\n",
      " [0.41261223 0.23504397 0.15071652 0.20162729]\n",
      " [0.3671226  0.2186004  0.1427635  0.2715135 ]\n",
      " [0.26678034 0.11954863 0.55611321 0.05755782]\n",
      " [0.47178848 0.18263562 0.25984758 0.08572832]\n",
      " [0.41109905 0.2113207  0.18740009 0.19018015]\n",
      " [0.38137564 0.23284546 0.30044233 0.08533657]\n",
      " [0.36036489 0.19354503 0.34650287 0.09958721]\n",
      " [0.32620891 0.24180965 0.14854367 0.28343777]\n",
      " [0.28571557 0.20365609 0.45002923 0.06059911]\n",
      " [0.52649498 0.19089924 0.08685002 0.19575576]\n",
      " [0.36413458 0.46798282 0.08762711 0.0802555 ]\n",
      " [0.37911566 0.11496471 0.37866512 0.12725451]\n",
      " [0.34382393 0.20548027 0.12650705 0.32418875]\n",
      " [0.4082699  0.33189702 0.12919577 0.1306373 ]\n",
      " [0.25263472 0.29435898 0.34521704 0.10778927]\n",
      " [0.20971952 0.21292596 0.54397122 0.0333833 ]\n",
      " [0.33499989 0.20875265 0.04761558 0.40863189]\n",
      " [0.33308562 0.26052291 0.01213046 0.394261  ]\n",
      " [0.34037994 0.2188403  0.13386109 0.30691868]\n",
      " [0.36509088 0.43462016 0.17046695 0.029822  ]\n",
      " [0.18587091 0.09322141 0.17208666 0.54882102]\n",
      " [0.4294187  0.1000715  0.42665963 0.04385017]\n",
      " [0.34435292 0.4629852  0.05448216 0.13817973]\n",
      " [0.3200709  0.09879988 0.06236686 0.51876236]\n",
      " [0.60628624 0.30028886 0.05176821 0.04165669]\n",
      " [0.19565509 0.16800163 0.58850867 0.0478346 ]\n",
      " [0.5643526  0.21034667 0.09792004 0.12738069]\n",
      " [0.2576119  0.32066006 0.05423141 0.36749664]\n",
      " [0.2352997  0.21357028 0.16901597 0.38211405]\n",
      " [0.34189705 0.19159088 0.45578514 0.01072692]\n",
      " [0.56745408 0.25129121 0.13892381 0.0423309 ]\n",
      " [0.32038012 0.13371296 0.22099943 0.32490749]\n",
      " [0.26851754 0.24954734 0.11433745 0.36759767]\n",
      " [0.237774   0.37015737 0.07539613 0.3166725 ]\n",
      " [0.52571164 0.36654461 0.04330461 0.06443913]\n",
      " [0.33450426 0.21167557 0.39901675 0.05480341]\n",
      " [0.30569377 0.3452043  0.29079247 0.05830946]\n",
      " [0.40566754 0.32238198 0.2559717  0.01597878]\n",
      " [0.42952399 0.35030739 0.17898316 0.04118546]\n",
      " [0.1624492  0.08798597 0.6980442  0.05152063]\n",
      " [0.51643619 0.14020507 0.10451964 0.23883909]\n",
      " [0.39991124 0.17817423 0.11973024 0.30218429]\n",
      " [0.412459   0.26518828 0.13449719 0.18785552]\n",
      " [0.33723839 0.3553119  0.23678695 0.07066276]\n",
      " [0.57281926 0.1124763  0.16363929 0.15106514]\n",
      " [0.48188788 0.2783201  0.14338764 0.09640438]\n",
      " [0.32759894 0.2129516  0.36310611 0.09634334]\n",
      " [0.27545607 0.16592689 0.44153201 0.11708503]\n",
      " [0.31581127 0.23086547 0.34033228 0.11299098]\n",
      " [0.4517743  0.16817703 0.17674348 0.20330519]\n",
      " [0.36057406 0.18060654 0.06129174 0.39752766]\n",
      " [0.38764929 0.12584807 0.3293341  0.15716855]\n",
      " [0.54080751 0.16619673 0.08231341 0.21068234]\n",
      " [0.29236521 0.23534179 0.45466762 0.01762539]\n",
      " [0.32347666 0.06243628 0.59098741 0.02309966]\n",
      " [0.43924173 0.40878597 0.14970011 0.00227218]\n",
      " [0.25781311 0.12300399 0.07777702 0.54140587]\n",
      " [0.26152997 0.19131563 0.00777659 0.53937782]\n",
      " [0.2633799  0.4023459  0.26126404 0.07301016]\n",
      " [0.34254467 0.1560025  0.14803803 0.3534148 ]\n",
      " [0.36136236 0.16424996 0.30058318 0.1738045 ]\n",
      " [0.52999776 0.26510267 0.13146225 0.07343732]\n",
      " [0.32252289 0.20982554 0.40571712 0.06193445]\n",
      " [0.25063221 0.28840576 0.35949852 0.10146351]\n",
      " [0.39872654 0.16116232 0.21360417 0.22650697]\n",
      " [0.24253667 0.31632159 0.36895863 0.0721831 ]\n",
      " [0.38192508 0.28221533 0.26627206 0.06958753]] (506.013 sec)\n",
      "INFO:tensorflow:Saving checkpoints for 61 into /model/model.ckpt.\n",
      "INFO:tensorflow:Saving checkpoints for 100 into /model/model.ckpt.\n",
      "INFO:tensorflow:Loss for final step: 1.0973149538040161.\n",
      "INFO:tensorflow:Calling model_fn.\n",
      "INFO:tensorflow:Done calling model_fn.\n",
      "INFO:tensorflow:Starting evaluation at 2018-03-16-00:38:27\n",
      "INFO:tensorflow:Graph was finalized.\n",
      "INFO:tensorflow:Restoring parameters from /model/model.ckpt-100\n",
      "INFO:tensorflow:Running local_init_op.\n",
      "INFO:tensorflow:Done running local_init_op.\n",
      "INFO:tensorflow:Finished evaluation at 2018-03-16-00:38:29\n",
      "INFO:tensorflow:Saving dict for global step 100: accuracy = 0.58, global_step = 100, loss = 1.1181114\n",
      "{'global_step': 100, 'accuracy': 0.58, 'loss': 1.1181114}\n"
     ]
    }
   ],
   "source": [
    "eeg_classifier = tf.estimator.Estimator(model_fn=rnn_model, model_dir=\"/model/\", \n",
    "                                        params = {'hidden_layers' : [32, 32, 32], 'num_classes' : 4, 'learning_rate' : 0.001})\n",
    "tensors_to_log = {\"probabilities\": \"softmax_tensor\"}\n",
    "logging_hook = tf.train.LoggingTensorHook(\n",
    "  tensors=tensors_to_log, every_n_iter=50)\n",
    "train_input_fn = tf.estimator.inputs.numpy_input_fn(\n",
    "    x={\"x\": X_train},\n",
    "    y=y_train,\n",
    "    batch_size=100,\n",
    "    num_epochs=20,\n",
    "    shuffle=True)\n",
    "\n",
    "eeg_classifier.train(\n",
    "    input_fn=train_input_fn,\n",
    "    steps=100,\n",
    "    hooks=[logging_hook])\n",
    "\n",
    "eval_input_fn = tf.estimator.inputs.numpy_input_fn(\n",
    "    x={\"x\": X_test},\n",
    "    y=y_test,\n",
    "    num_epochs=1,\n",
    "    shuffle=False)\n",
    "eval_results = eeg_classifier.evaluate(input_fn=eval_input_fn)\n",
    "print(eval_results)"
   ]
  },
  {
   "cell_type": "code",
   "execution_count": 39,
   "metadata": {},
   "outputs": [
    {
     "name": "stdout",
     "output_type": "stream",
     "text": [
      "INFO:tensorflow:Using default config.\n",
      "INFO:tensorflow:Using config: {'_keep_checkpoint_max': 5, '_model_dir': '/model/', '_num_ps_replicas': 0, '_save_checkpoints_secs': 600, '_keep_checkpoint_every_n_hours': 10000, '_num_worker_replicas': 1, '_task_id': 0, '_log_step_count_steps': 100, '_evaluation_master': '', '_tf_random_seed': None, '_cluster_spec': <tensorflow.python.training.server_lib.ClusterSpec object at 0x000001D3026FEC88>, '_master': '', '_is_chief': True, '_save_summary_steps': 100, '_global_id_in_cluster': 0, '_session_config': None, '_save_checkpoints_steps': None, '_task_type': 'worker', '_service': None}\n",
      "INFO:tensorflow:Calling model_fn.\n",
      "INFO:tensorflow:Done calling model_fn.\n",
      "INFO:tensorflow:Create CheckpointSaverHook.\n",
      "INFO:tensorflow:Graph was finalized.\n",
      "INFO:tensorflow:Running local_init_op.\n",
      "INFO:tensorflow:Done running local_init_op.\n",
      "INFO:tensorflow:Saving checkpoints for 1 into /model/model.ckpt.\n",
      "INFO:tensorflow:probabilities = [[0.23812319 0.26113917 0.25401754 0.24672011]\n",
      " [0.23438136 0.25988253 0.25601805 0.24971806]\n",
      " [0.24695601 0.25170877 0.24151203 0.25982318]\n",
      " [0.22432127 0.25752806 0.27531575 0.24283492]\n",
      " [0.24816264 0.24936288 0.26715851 0.23531596]\n",
      " [0.25375437 0.27311574 0.23811925 0.23501065]\n",
      " [0.23568985 0.2858981  0.25523533 0.22317673]\n",
      " [0.25148089 0.26289387 0.2586519  0.22697334]\n",
      " [0.25595973 0.24771481 0.25605037 0.24027509]\n",
      " [0.25564192 0.26020387 0.24911862 0.23503559]\n",
      " [0.23190421 0.26706261 0.25624942 0.24478376]\n",
      " [0.22693751 0.25879528 0.28262981 0.2316374 ]\n",
      " [0.25611435 0.25460286 0.24671997 0.24256282]\n",
      " [0.22233857 0.28189633 0.25806504 0.23770006]\n",
      " [0.24068626 0.27235544 0.2564658  0.23049249]\n",
      " [0.23827569 0.27009038 0.25828794 0.23334599]\n",
      " [0.22736038 0.25501158 0.23788845 0.2797396 ]\n",
      " [0.23533012 0.26203407 0.26348992 0.23914589]\n",
      " [0.24231681 0.26207758 0.24590602 0.24969959]\n",
      " [0.24671524 0.27129368 0.24502155 0.23696953]\n",
      " [0.24746577 0.26523575 0.25365416 0.23364433]\n",
      " [0.2442813  0.28101383 0.24713573 0.22756914]\n",
      " [0.23512425 0.26395103 0.25839216 0.24253256]\n",
      " [0.25632894 0.24568743 0.26310194 0.23488169]\n",
      " [0.24001891 0.26606649 0.25739741 0.23651719]\n",
      " [0.25230165 0.24665555 0.26284868 0.23819413]\n",
      " [0.24419184 0.24910532 0.29999174 0.2067111 ]\n",
      " [0.23887278 0.25500265 0.27089057 0.23523401]\n",
      " [0.24470822 0.25375923 0.25697271 0.24455984]\n",
      " [0.23463293 0.25311868 0.26638831 0.24586008]\n",
      " [0.25338747 0.24647407 0.24233931 0.25779915]\n",
      " [0.24231493 0.26236663 0.25833973 0.23697871]\n",
      " [0.2439715  0.25959814 0.25419359 0.24223678]\n",
      " [0.22846932 0.25841533 0.24566903 0.26744632]\n",
      " [0.23113992 0.25015396 0.26348139 0.25522474]\n",
      " [0.22920327 0.25205925 0.29300733 0.22573015]\n",
      " [0.24690161 0.25143723 0.2574821  0.24417906]\n",
      " [0.23154926 0.28076642 0.24163032 0.246054  ]\n",
      " [0.23870731 0.2617971  0.25710264 0.24239295]\n",
      " [0.22517461 0.27406977 0.25281767 0.24793796]\n",
      " [0.24726369 0.2513524  0.25966341 0.24172051]\n",
      " [0.23315832 0.24882811 0.26260664 0.25540693]\n",
      " [0.25418117 0.262279   0.25242529 0.23111454]\n",
      " [0.24131256 0.26752267 0.26545037 0.2257144 ]\n",
      " [0.23739465 0.2868279  0.24300589 0.23277156]\n",
      " [0.2393944  0.25395077 0.25880221 0.24785263]\n",
      " [0.2476103  0.26314675 0.25472703 0.23451593]\n",
      " [0.24711152 0.27896968 0.24601717 0.22790164]\n",
      " [0.23976656 0.24128332 0.26227298 0.25667714]\n",
      " [0.22393612 0.25130931 0.27949198 0.24526258]\n",
      " [0.22979802 0.263351   0.27031674 0.23653424]\n",
      " [0.24487888 0.25148657 0.26519941 0.23843514]\n",
      " [0.24702027 0.256232   0.24528194 0.2514658 ]\n",
      " [0.23069457 0.26804153 0.25863786 0.24262605]\n",
      " [0.24314913 0.30588183 0.22875631 0.22221273]\n",
      " [0.22106538 0.27970179 0.26234673 0.2368861 ]\n",
      " [0.25192563 0.24545859 0.25782802 0.24478777]\n",
      " [0.24828171 0.26795177 0.24382689 0.23993962]\n",
      " [0.22958492 0.25713262 0.26638691 0.24689555]\n",
      " [0.22741282 0.30130231 0.25388947 0.2173954 ]\n",
      " [0.26584512 0.26015076 0.2521924  0.22181172]\n",
      " [0.26332746 0.25643908 0.25371049 0.22652297]\n",
      " [0.24877152 0.24931433 0.22627808 0.27563607]\n",
      " [0.26468481 0.27551856 0.22433647 0.23546016]\n",
      " [0.23561625 0.28153261 0.24992944 0.2329217 ]\n",
      " [0.24848241 0.29765006 0.22820465 0.22566287]\n",
      " [0.24126144 0.27496883 0.25109695 0.23267278]\n",
      " [0.2607926  0.23603645 0.26149817 0.24167278]\n",
      " [0.24190656 0.2501513  0.2613967  0.24654543]\n",
      " [0.23070932 0.24666309 0.26263106 0.25999654]\n",
      " [0.2436025  0.25567438 0.26668511 0.234038  ]\n",
      " [0.23678525 0.24818342 0.26844807 0.24658326]\n",
      " [0.24463795 0.2847738  0.24377024 0.22681801]\n",
      " [0.25177988 0.25019081 0.25691174 0.24111758]\n",
      " [0.23729526 0.26100543 0.26212007 0.23957924]\n",
      " [0.23755448 0.24765261 0.25340682 0.2613861 ]\n",
      " [0.25915237 0.2621621  0.25740115 0.22128438]\n",
      " [0.25726001 0.2454741  0.26181219 0.23545369]\n",
      " [0.24350978 0.23964704 0.25486396 0.26197922]\n",
      " [0.24063989 0.27169963 0.24585204 0.24180844]\n",
      " [0.24906572 0.25410838 0.23468843 0.26213747]\n",
      " [0.24651648 0.23317011 0.25256824 0.26774517]\n",
      " [0.2279536  0.25784545 0.27123365 0.2429673 ]\n",
      " [0.23662628 0.26208152 0.25554393 0.24574827]\n",
      " [0.23857533 0.26924155 0.24226483 0.24991829]\n",
      " [0.23979484 0.27079067 0.22456592 0.26484858]\n",
      " [0.23939011 0.2715955  0.2369421  0.25207229]\n",
      " [0.2428643  0.2446724  0.27352378 0.23893952]\n",
      " [0.23359406 0.24411501 0.27859137 0.24369955]\n",
      " [0.23164057 0.28443145 0.26352195 0.22040604]\n",
      " [0.2531295  0.25273139 0.2654929  0.22864621]\n",
      " [0.24605985 0.25520365 0.23859431 0.2601422 ]\n",
      " [0.22779812 0.26326569 0.26969569 0.2392405 ]\n",
      " [0.25765871 0.28139672 0.23604361 0.22490096]\n",
      " [0.24838765 0.25607659 0.26543162 0.23010415]\n",
      " [0.24973458 0.25094333 0.25731128 0.24201081]\n",
      " [0.24479943 0.26100669 0.25350775 0.24068612]\n",
      " [0.24310627 0.26060097 0.24958039 0.24671237]\n",
      " [0.2324034  0.27069414 0.2525844  0.24431805]\n",
      " [0.24541335 0.26276468 0.24441102 0.24741095]]\n",
      "INFO:tensorflow:step = 1, loss = 1.3904967308044434\n",
      "INFO:tensorflow:probabilities = [[0.12254812 0.09808177 0.67346638 0.10590373]\n",
      " [0.00376298 0.95201372 0.03951486 0.00470844]\n",
      " [0.33521726 0.23008197 0.24179444 0.19290633]\n",
      " [0.03164348 0.28761918 0.68069946 0.00003789]\n",
      " [0.27644128 0.09215006 0.0777494  0.55365926]\n",
      " [0.00508394 0.84185619 0.00241646 0.15064341]\n",
      " [0.74251605 0.04651613 0.15853833 0.05242949]\n",
      " [0.06580731 0.09236378 0.11990592 0.72192299]\n",
      " [0.09511893 0.15976531 0.73428748 0.01082827]\n",
      " [0.15273336 0.02902023 0.01510678 0.80313963]\n",
      " [0.48688102 0.01991729 0.20158572 0.29161597]\n",
      " [0.00073177 0.98243    0.0007101  0.01612813]\n",
      " [0.02365121 0.06201843 0.89986283 0.01446754]\n",
      " [0.62418427 0.05575503 0.29341522 0.02664548]\n",
      " [0.93922242 0.03730313 0.00621619 0.01725826]\n",
      " [0.09846831 0.37985581 0.45997578 0.0617001 ]\n",
      " [0.11765597 0.0230773  0.01278106 0.84648567]\n",
      " [0.1159493  0.15565309 0.68251338 0.04588423]\n",
      " [0.59044339 0.28863556 0.01840232 0.10251873]\n",
      " [0.97733675 0.00021652 0.0207371  0.00170963]\n",
      " [0.09973153 0.12121586 0.37125885 0.40779377]\n",
      " [0.43748072 0.30538941 0.15808669 0.09904318]\n",
      " [0.60706221 0.08908311 0.0909649  0.21288978]\n",
      " [0.09884802 0.11025117 0.09016155 0.70073926]\n",
      " [0.27181768 0.0343098  0.17442181 0.51945071]\n",
      " [0.69125593 0.03268477 0.20825562 0.06780368]\n",
      " [0.01056125 0.38879149 0.59897378 0.00167347]\n",
      " [0.88637799 0.00113988 0.03729731 0.07518481]\n",
      " [0.68803017 0.0641465  0.15021155 0.09761178]\n",
      " [0.0054667  0.0061725  0.00214802 0.98621277]\n",
      " [0.53020481 0.13445614 0.25715343 0.07818562]\n",
      " [0.0596742  0.04053695 0.0034567  0.89633215]\n",
      " [0.02214485 0.4626171  0.09048278 0.42475527]\n",
      " [0.12300637 0.10525204 0.04780251 0.72393907]\n",
      " [0.01823535 0.85061837 0.11841006 0.01273622]\n",
      " [0.00212598 0.95718995 0.01297908 0.02770499]\n",
      " [0.14849216 0.0274679  0.21842824 0.60561169]\n",
      " [0.27599771 0.47028199 0.21102035 0.04269995]\n",
      " [0.04363532 0.24857882 0.68308735 0.02469851]\n",
      " [0.20819969 0.07886536 0.38241978 0.33051517]\n",
      " [0.13495124 0.40890478 0.32638915 0.12975483]\n",
      " [0.15527072 0.19897176 0.38562367 0.26013386]\n",
      " [0.09342271 0.3879583  0.42975071 0.08886829]\n",
      " [0.16431741 0.17759897 0.09666274 0.56142089]\n",
      " [0.00329045 0.00225707 0.00071014 0.99374233]\n",
      " [0.01797291 0.03117255 0.936015   0.01483955]\n",
      " [0.91333484 0.00107702 0.07540456 0.01018358]\n",
      " [0.32521299 0.00268825 0.03011773 0.64198104]\n",
      " [0.13571553 0.37460771 0.42262559 0.06705118]\n",
      " [0.08363537 0.45391055 0.2509687  0.21148538]\n",
      " [0.08206717 0.08036995 0.00837113 0.82919175]\n",
      " [0.50698334 0.04576612 0.13264008 0.31461046]\n",
      " [0.26968401 0.1521179  0.44713616 0.13106193]\n",
      " [0.21565321 0.40753418 0.14781348 0.22899914]\n",
      " [0.00888335 0.93138645 0.00398356 0.05574663]\n",
      " [0.39634617 0.20077822 0.27083173 0.13204388]\n",
      " [0.98929172 0.00042884 0.00424774 0.00603171]\n",
      " [0.00793817 0.98213134 0.00531665 0.00461383]\n",
      " [0.01726729 0.07566467 0.0251272  0.88194084]\n",
      " [0.12557206 0.032555   0.82532213 0.01655081]\n",
